S: [363.69938764 114.19098684  74.09831794   2.2386585    0.80125866
   0.58852479]

Vt:
[[-1.91080206e-03 -1.08306707e-03 -1.97951935e-17 -2.16200983e-03
  -3.11221261e-03 -2.03565875e-03  0.00000000e+00 -3.69162584e-03
   6.03778290e-01  4.13953869e-01  0.00000000e+00  6.81217303e-01]
 [-1.03855756e-03  2.13187808e-03  9.13563603e-17 -3.18192298e-03
  -1.16251363e-04  4.00715622e-03  0.00000000e+00 -5.05985382e-03
  -8.77820621e-02 -8.14850406e-01  0.00000000e+00  5.72936039e-01]
 [-4.16346538e-03  1.06097873e-03  8.52802885e-17 -1.15649648e-04
  -4.79831746e-03  1.99556719e-03  0.00000000e+00  4.53904294e-03
   7.92269133e-01 -4.05737304e-01  0.00000000e+00 -4.55654231e-01]
 [ 5.00162136e-01  2.91537819e-01 -1.76548047e-15  6.33828173e-01
  -3.15539115e-01 -1.55102257e-01  0.00000000e+00 -3.73467410e-01
   1.77723041e-03 -1.45958570e-03  0.00000000e+00 -7.39126000e-04]
 [-3.16841645e-01 -6.53425270e-01  9.14699012e-15  5.18777278e-01
   8.88564422e-02  3.47653502e-01  0.00000000e+00 -2.73419611e-01
   1.96800134e-04 -2.13117635e-04  0.00000000e+00 -3.62946051e-04]
 [ 5.08705857e-01 -4.78535380e-01  1.14784213e-14 -4.28076811e-01
  -5.04460721e-01  2.54600750e-01  0.00000000e+00 -9.83098371e-02
  -9.42683094e-04  3.13687324e-04  0.00000000e+00 -2.12423904e-03]
 [ 0.00000000e+00  0.00000000e+00  0.00000000e+00  0.00000000e+00
   0.00000000e+00  0.00000000e+00  1.00000000e+00  0.00000000e+00
   0.00000000e+00  0.00000000e+00  0.00000000e+00  0.00000000e+00]
 [ 1.84261816e-01 -3.55665205e-01  2.88569305e-03  3.31328008e-01
  -9.36541585e-02 -3.69985788e-01  0.00000000e+00  7.64224267e-01
  -7.41620646e-04 -4.15467918e-03  0.00000000e+00  6.79287877e-03]
 [ 4.01255289e-03  3.10954680e-03  9.99939434e-01  5.02433844e-04
   4.71325081e-03  8.45845772e-03  0.00000000e+00  1.15888825e-03
   4.26895895e-05  3.74304350e-05  0.00000000e+00  1.03008865e-05]
 [-4.50077790e-01  2.89747873e-01  8.63113396e-04  1.19670738e-01
  -7.05749971e-01  3.53303105e-01  0.00000000e+00  2.76026414e-01
  -6.33133338e-03  3.39566126e-03  0.00000000e+00  2.45348656e-03]
 [ 0.00000000e+00  0.00000000e+00  0.00000000e+00  0.00000000e+00
   0.00000000e+00  0.00000000e+00  0.00000000e+00  0.00000000e+00
   0.00000000e+00  0.00000000e+00  1.00000000e+00  0.00000000e+00]
 [ 3.92564596e-01  2.20401738e-01 -1.05856839e-02  1.47539240e-01
   3.62146269e-01  7.26946005e-01  0.00000000e+00  3.40306477e-01
   3.31412273e-03  2.68002332e-03  0.00000000e+00  3.02484591e-03]]

H:
[[0.3925646  0.22040174 0.14753924]
 [0.36214627 0.72694601 0.34030648]
 [0.00331412 0.00268002 0.00302485]]

