S: [1.06863523e+04 3.85823788e+03 1.88529580e+02 4.03454711e+01
 1.57874457e+01 9.99208370e-01]

Vt:
[[-2.68588118e-03 -1.68190922e-03  1.39818411e-17 -1.07482440e-04
  -1.64992017e-03 -1.19580104e-03  0.00000000e+00 -6.60245065e-05
   8.27729225e-01  5.60136786e-01  0.00000000e+00  3.31194936e-02]
 [-2.72053206e-03  2.48736339e-03 -2.31932943e-17 -1.09066593e-04
  -5.87088688e-04  1.76852027e-03  0.00000000e+00 -2.36275315e-05
   5.59684620e-01 -8.28391485e-01  0.00000000e+00  2.24410531e-02]
 [-1.50438719e-04 -2.78648640e-08 -5.87798028e-20  4.56840895e-03
  -6.73026190e-05  2.84944231e-07  0.00000000e+00  2.68230232e-03
   4.00062195e-02 -3.86515912e-05  0.00000000e+00 -9.99185373e-01]
 [ 4.39584861e-01  3.06084353e-01  3.23196494e-15  1.75940219e-02
  -7.25663581e-01 -4.30506864e-01  0.00000000e+00 -2.90444929e-02
   4.18424207e-04 -6.48122671e-04  0.00000000e+00  1.81395230e-06]
 [ 7.66254037e-02 -4.79701064e-01 -6.47146737e-15  3.10732585e-03
  -5.55229399e-01  6.74706699e-01  0.00000000e+00 -2.22810543e-02
  -6.53982096e-04 -3.00960784e-04  0.00000000e+00 -4.57113591e-05]
 [ 1.65320182e-02  4.20949676e-04 -2.48107819e-17 -5.05940402e-01
  -3.62106235e-02 -5.92083112e-04  0.00000000e+00  8.61649154e-01
  -1.68291660e-05  2.01240486e-06  0.00000000e+00 -8.63354510e-07]
 [ 0.00000000e+00  0.00000000e+00  0.00000000e+00  0.00000000e+00
   0.00000000e+00  0.00000000e+00  1.00000000e+00  0.00000000e+00
   0.00000000e+00  0.00000000e+00  0.00000000e+00  0.00000000e+00]
 [ 4.58900443e-02 -7.07824423e-01  2.85006381e-05  4.39338233e-01
   1.83909361e-02 -4.86833010e-01  0.00000000e+00  2.57872915e-01
   1.78823007e-04 -3.19965632e-03  0.00000000e+00  2.69998663e-03]
 [ 3.62077030e-03  5.18326775e-04  9.99989926e-01  1.32767687e-03
   1.63059714e-03  1.31880118e-03  0.00000000e+00  7.79290029e-04
   1.62776487e-05  2.34684061e-06  0.00000000e+00  8.15933949e-06]
 [-3.96109984e-01  4.01806406e-01  6.88116324e-05  6.74689067e-01
  -1.82802062e-01  1.90199140e-01  0.00000000e+00  3.96013876e-01
  -1.83409623e-03  1.81599009e-03  0.00000000e+00  4.14635313e-03]
 [ 0.00000000e+00  0.00000000e+00  0.00000000e+00  0.00000000e+00
   0.00000000e+00  0.00000000e+00  0.00000000e+00  0.00000000e+00
   0.00000000e+00  0.00000000e+00  1.00000000e+00  0.00000000e+00]
 [ 8.00989155e-01  1.17157987e-01 -4.48793186e-03  3.08964444e-01
   3.60639602e-01  2.93676643e-01  0.00000000e+00  1.81349029e-01
   3.59995978e-03  5.30441647e-04  0.00000000e+00  1.89876456e-03]]

H:
[[8.00989155e-01 1.17157987e-01 3.08964444e-01]
 [3.60639602e-01 2.93676643e-01 1.81349029e-01]
 [3.59995978e-03 5.30441647e-04 1.89876456e-03]]

