S: [1.05186331e+04 3.65457290e+03 1.80397652e+02 4.03571770e+01
 1.57574961e+01 9.99237117e-01]

Vt:
[[-2.22332864e-03 -1.40234687e-03 -2.19021685e-16 -8.89666240e-05
  -2.25782188e-03 -1.60818036e-03  0.00000000e+00 -9.03542735e-05
   8.15450574e-01  5.77893752e-01  0.00000000e+00  3.26276351e-02]
 [-2.83561640e-03  1.98035685e-03  1.05079478e-16 -1.13621466e-04
  -1.53971008e-03  2.27111200e-03  0.00000000e+00 -6.18317696e-05
   5.77425573e-01 -8.16103004e-01  0.00000000e+00  2.31535296e-02]
 [-1.39534908e-04 -5.27462437e-07 -4.69303595e-18  3.48005959e-03
  -1.08100572e-04  6.58480884e-07  0.00000000e+00  4.30595858e-03
   4.00080350e-02 -4.05254432e-05  0.00000000e+00 -9.99184003e-01]
 [ 5.98989405e-01  3.97922292e-01 -5.31857059e-15  2.39758348e-02
  -6.01094544e-01 -3.46988078e-01  0.00000000e+00 -2.40566507e-02
   4.27897876e-04 -6.46587302e-04  0.00000000e+00 -2.20616952e-05]
 [ 2.13574055e-01 -6.25488108e-01 -5.46907939e-14  8.60468436e-03
  -5.14931373e-01  5.45431557e-01  0.00000000e+00 -2.06469373e-02
  -6.68772107e-04 -2.45018667e-04  0.00000000e+00 -5.92022621e-05]
 [ 2.44482676e-02  1.13291630e-03 -1.25653030e-15 -7.77180320e-01
  -3.04524378e-02 -9.87943791e-04  0.00000000e+00  6.28063229e-01
  -3.74457662e-05  6.57664688e-06  0.00000000e+00 -1.84018579e-06]
 [ 0.00000000e+00  0.00000000e+00  0.00000000e+00  0.00000000e+00
   0.00000000e+00  0.00000000e+00  1.00000000e+00  0.00000000e+00
   0.00000000e+00  0.00000000e+00  0.00000000e+00  0.00000000e+00]
 [ 4.23026425e-02 -4.23260490e-01  6.19633857e-05  4.88560271e-01
   2.47718729e-02 -4.63401328e-01  0.00000000e+00  6.04145064e-01
   1.75417260e-04 -2.37797299e-03  0.00000000e+00  4.30360624e-03]
 [ 3.21669307e-03  1.41781436e-03  9.99984549e-01  1.32046141e-03
   2.52183343e-03  2.78817934e-03  0.00000000e+00  1.63285943e-03
   1.79089836e-05  7.95888348e-06  0.00000000e+00  1.16316171e-05]
 [-5.15705974e-01  4.53193460e-01  7.72492127e-05  3.08985124e-01
  -4.13578997e-01  3.40781039e-01  0.00000000e+00  3.82085587e-01
  -2.93761606e-03  2.54698780e-03  0.00000000e+00  2.72177332e-03]
 [ 0.00000000e+00  0.00000000e+00  0.00000000e+00  0.00000000e+00
   0.00000000e+00  0.00000000e+00  0.00000000e+00  0.00000000e+00
   0.00000000e+00  0.00000000e+00  1.00000000e+00  0.00000000e+00]
 [ 5.72044214e-01  2.56670099e-01 -5.55800868e-03  2.47315684e-01
   4.48250607e-01  5.01213217e-01  0.00000000e+00  3.05826238e-01
   3.18327099e-03  1.44083367e-03  0.00000000e+00  2.17854251e-03]]

H:
[[0.57204421 0.2566701  0.24731568]
 [0.44825061 0.50121322 0.30582624]
 [0.00318327 0.00144083 0.00217854]]

