S: [7.71663820e+03 2.63022845e+03 1.23044073e+02 4.03493409e+01
 1.57775134e+01 9.99245271e-01]

Vt:
[[-3.18548530e-03 -2.04900633e-03 -2.72529915e-17 -1.27463594e-04
  -2.88175983e-03 -2.09422284e-03  0.00000000e+00 -1.15320790e-04
   8.10005635e-01  5.85502772e-01  0.00000000e+00  3.24084783e-02]
 [-4.22843185e-03  2.83682834e-03  9.00588754e-17 -1.69412482e-04
  -1.99618376e-03  2.89964603e-03  0.00000000e+00 -8.01612566e-05
   5.85023607e-01 -8.10653447e-01  0.00000000e+00  2.34523502e-02]
 [-2.06761096e-04 -2.05751344e-06  1.21058948e-18  5.34929381e-03
  -1.35288583e-04  2.27082809e-06  0.00000000e+00  6.10583114e-03
   4.00038704e-02 -3.68161504e-05  0.00000000e+00 -9.99166519e-01]
 [ 5.62025553e-01  3.77507297e-01  1.28633659e-15  2.24969385e-02
  -6.35643048e-01 -3.69349352e-01  0.00000000e+00 -2.54389539e-02
   6.18148698e-04 -9.23715022e-04  0.00000000e+00 -4.20811761e-05]
 [ 1.77080098e-01 -5.92218005e-01  1.13377032e-14  7.14209214e-03
  -5.30729276e-01  5.79432496e-01  0.00000000e+00 -2.12802128e-02
  -9.63169482e-04 -3.13774497e-04  0.00000000e+00 -9.26017488e-05]
 [ 2.23850708e-02  1.22931460e-03  2.63462813e-16 -7.51624442e-01
  -3.17318282e-02 -1.20285154e-03  0.00000000e+00  6.58444938e-01
  -5.76807532e-05  1.16290787e-05  0.00000000e+00 -2.95739021e-06]
 [ 0.00000000e+00  0.00000000e+00  0.00000000e+00  0.00000000e+00
   0.00000000e+00  0.00000000e+00  1.00000000e+00  0.00000000e+00
   0.00000000e+00  0.00000000e+00  0.00000000e+00  0.00000000e+00]
 [ 4.36015292e-02 -4.70325852e-01  9.50908679e-05  4.95484773e-01
   2.13404117e-02 -4.59833005e-01  0.00000000e+00  5.65187353e-01
   2.31058715e-04 -3.38674160e-03  0.00000000e+00  6.10390888e-03]
 [ 4.74610338e-03  1.74986432e-03  9.99972659e-01  1.75644328e-03
   3.25738495e-03  3.37361217e-03  0.00000000e+00  2.00353185e-03
   3.52236449e-05  1.08941531e-05  0.00000000e+00  2.16377380e-05]
 [-4.99713868e-01  4.77516416e-01  1.42241044e-04  3.55063343e-01
  -3.52638464e-01  3.28266620e-01  0.00000000e+00  4.05012065e-01
  -3.81291455e-03  3.58074659e-03  0.00000000e+00  4.37404822e-03]
 [ 0.00000000e+00  0.00000000e+00  0.00000000e+00  0.00000000e+00
   0.00000000e+00  0.00000000e+00  0.00000000e+00  0.00000000e+00
   0.00000000e+00  0.00000000e+00  1.00000000e+00  0.00000000e+00]
 [ 6.32932214e-01  2.39835195e-01 -7.39263984e-03  2.50792132e-01
   4.34102780e-01  4.56736304e-01  0.00000000e+00  2.86072447e-01
   4.69416896e-03  1.49894170e-03  0.00000000e+00  3.08952446e-03]]

H:
[[0.63293221 0.2398352  0.25079213]
 [0.43410278 0.4567363  0.28607245]
 [0.00469417 0.00149894 0.00308952]]

